           1      1.37837
           2     0.116821
           3   0.00936875
           4  2.74101e-05
           5   0.00669528
           6  0.000456522
           7     0.033348
           8  0.000338385
           9   0.00712375
          10   0.00170899
          11  0.000184026
          12    0.0232104
          13  0.000543192
          14  0.000200695
          15   0.00108785
          16  0.000411209
          17    0.0043285
          18    0.0122584
          19    0.0015862
          20   0.00764541
          21    0.0241123
          22    0.0138441
          23  0.000478631
          24   0.00264683
          25   0.00031234
          26    0.0157293
          27  0.000391449
          28    0.0128875
          29    0.0128072
          30     0.029225
          31  0.000670624
          32  0.000463619
          33    0.0416641
          34  0.000447936
          35  0.000835645
          36   0.00459454
          37  0.000542876
          38    0.0137507
          39  0.000331303
          40   0.00184482
          41  0.000819879
          42    0.0390272
          43  7.80987e-06
          44    1.705e-05
          45   0.00853857
          46  8.99594e-05
          47    0.0346506
          48  2.63422e-05
          49    0.0144939
          50   0.00257516
          51  0.000103497
          52   0.00283463
          53   0.00824147
          54     0.024212
          55  4.82909e-05
          56    0.0065375
          57   0.00072546
          58   0.00172673
          59    0.0241785
          60     0.250776
          61     0.030191
          62    0.0281034
          63   0.00460011
          64    0.0157634
          65   0.00863219
          66    0.0049525
          67    0.0335244
          68  0.000642186
          69    0.0213532
          70   0.00304252
          71   0.00256696
          72   0.00299536
          73   0.00455018
          74   0.00736568
          75   0.00288796
          76  0.000102977
          77   0.00188782
          78   0.00660468
          79  0.000398429
          80    0.0161761
          81    0.0234525
          82  0.000113981
          83    0.0457391
          84   0.00206059
          85      0.70106
          86   0.00127039
          87    0.0346254
          88    0.0111571
          89    0.0897868
          90   0.00147987
          91  0.000289827
          92  0.000743452
          93     0.656522
          94   0.00204647
          95   0.00211968
          96  0.000880139
          97    0.0184458
          98  0.000164373
          99   0.00052944
         100      2.58001
         101   0.00243439
         102  0.000259654
         103   0.00261356
         104   0.00198259
         105    0.0340897
         106      1.67871
         107   0.00513841
         108  0.000425187
         109    0.0283385
         110   0.00058873
         111  0.000575146
         112  0.000738986
         113    0.0001232
         114  0.000134786
         115  9.30962e-05
         116  0.000216611
         117    0.0216213
         118   0.00053433
         119   0.00431111
         120     0.129271
         121  3.37157e-05
         122    0.0267792
         123   0.00426441
         124   0.00315429
         125    0.0202446
         126  8.22765e-05
         127  0.000820967
         128  0.000958363
         129    0.0183125
         130     0.391656
         131     0.011376
         132   0.00141144
         133     0.015929
         134    0.0818386
         135   0.00467351
         136   0.00495302
         137  8.90661e-05
         138     0.359935
         139   0.00351211
         140  0.000251807
         141     0.018241
         142   0.00886995
         143  0.000112917
         144  0.000388674
         145  0.000656144
         146     0.148686
         147    0.0175605
         148  0.000319982
         149    0.0170484
         150  0.000145759
         151     0.143211
         152      1.38157
         153    0.0370545
         154    0.0156567
         155   0.00154546
         156     0.480477
         157  6.00773e-05
         158  5.32397e-05
         159     0.286059
         160  0.000107514
         161    0.0258428
         162  6.25355e-05
         163   0.00242396
         164  0.000321384
         165    0.0443429
         166    0.0163992
         167   0.00114251
         168     0.010633
         169  0.000165484
         170   0.00541028
         171  0.000564166
         172   0.00338967
         173   0.00517305
         174   0.00176601
         175  1.00968e-05
         176     0.134401
         177  7.14907e-05
         178     0.147306
         179    0.0035414
         180   0.00296158
         181  0.000199557
         182    0.0148762
         183   0.00188299
         184  0.000258547
         185   0.00158806
         186    0.0288393
         187  4.69506e-05
         188  0.000164935
         189   0.00724587
         190  0.000922948
         191    0.0100499
         192    0.0230738
         193  0.000599802
         194     0.458128
         195  0.000296888
         196  2.13445e-05
         197   0.00257674
         198    0.0525109
         199    0.0015015
         200   0.00297729
         201    0.0134483
         202    0.0287164
         203  0.000664119
         204  0.000961996
         205     0.121058
         206  0.000160358
         207    0.0112895
         208  0.000175133
         209  0.000323014
         210  0.000726536
         211    0.0872471
         212   0.00117066
         213     0.781883
         214    0.0182927
         215    0.0955889
         216    0.0920746
         217   0.00710048
         218    0.0187041
         219   0.00224284
         220   0.00684139
         221   0.00109522
         222   0.00169578
         223  0.000604673
         224    0.0111167
         225  0.000536697
         226    0.0331991
         227   0.00272553
         228   0.00654139
         229   0.00193118
         230    0.0102046
         231    0.0374309
         232    0.0641142
         233    0.0853827
         234   0.00325422
         235   0.00363538
         236   0.00206854
         237  7.03786e-05
         238   0.00304155
         239    0.0165592
         240     0.155196
         241      1.27893
         242     0.006361
         243      1.36314
         244  0.000190306
         245  7.12577e-05
         246   0.00221994
         247   0.00497091
         248   0.00383198
         249     0.026295
         250  7.26525e-05
         251    0.0215051
         252   0.00111814
         253    0.0105295
         254   0.00287472
         255   0.00181844
         256   0.00102466
         257  4.74099e-05
         258  1.93956e-05
         259   0.00845307
         260    0.0830087
         261   0.00123243
         262  0.000114356
         263    0.0105917
         264   0.00148961
         265    0.0103453
         266    0.0768036
         267    0.0652818
         268    0.0818684
         269    0.0517407
         270  4.48373e-05
         271   0.00975904
         272      18.3039
         273    0.0016782
         274    0.0928578
         275   0.00381597
         276  0.000259661
         277    0.0458345
         278      13.5492
         279     0.137061
         280   0.00732276
         281  0.000428867
         282  5.23055e-05
         283    0.0250852
         284     0.028511
         285  1.94328e-07
         286  0.000542989
         287    0.0412971
         288   0.00672783
         289      1.28293
         290    0.0163788
         291    0.0192187
         292    0.0149675
         293    0.0663049
         294  6.06787e-05
         295   0.00362653
         296    0.0161404
         297  0.000534144
         298     0.386733
         299   0.00591407
         300    0.0573993
         301   0.00708827
         302    0.0115941
         303    0.0277355
         304  7.18774e-05
         305   0.00014356
         306     0.068192
         307    0.0340311
         308    0.0433873
         309    0.0227437
         310   0.00150285
         311    0.0277274
         312   0.00581566
         313   0.00831336
         314  0.000429992
         315    0.0109485
         316  1.31728e-05
         317    0.0115902
         318    0.0008967
         319    0.0079621
         320  4.87062e-06
         321   0.00679109
         322    0.0259837
         323     0.244249
         324  0.000419893
         325  0.000170958
         326  0.000419436
         327   0.00270641
         328    0.0101267
         329    0.0432472
         330  0.000336559
         331  0.000825229
         332     0.126744
         333   0.00151954
         334     0.022062
         335  0.000822598
         336     0.024845
         337  0.000196951
         338  5.72844e-05
         339   0.00997345
         340   0.00195351
         341     0.053063
         342     0.103529
         343    0.0216135
         344  0.000441404
         345     0.034648
         346   0.00295507
         347    0.0208944
         348   0.00313554
         349  3.16185e-05
         350    0.0144424
         351   0.00640035
         352  0.000286836
         353    0.0562846
         354    0.0025901
         355     0.096284
         356  0.000128649
         357    0.0051797
         358  0.000466411
         359    0.0291624
         360   0.00871212
         361  0.000706539
         362  0.000162241
         363  0.000196435
         364  5.24799e-05
         365   0.00106962
         366     0.035866
         367  3.05593e-05
         368   0.00185288
         369   0.00031968
         370     0.005018
         371    0.0102728
         372    0.0884989
         373   0.00583239
         374    0.0248064
         375    0.0145425
         376   0.00363346
         377  0.000381378
         378   0.00875367
         379   0.00917179
         380   0.00202057
         381   0.00445573
         382  0.000279818
         383  1.22254e-05
         384     0.109427
         385   0.00313914
         386    0.0741251
         387     0.327321
         388    0.0188502
         389  4.15621e-05
         390  6.07356e-05
         391    0.0257101
         392     0.144251
         393   0.00169036
         394      2.29435
         395   0.00020808
         396    0.0376324
         397   0.00626908
         398    0.0139698
         399   0.00115821
         400  3.87695e-05
         401  4.09935e-05
         402       0.2047
         403  0.000329148
         404  0.000169209
         405  0.000358471
         406    0.0211206
         407  0.000483877
         408   0.00536346
         409    0.0114127
         410     0.102181
         411    0.0015978
         412    0.0124142
         413     0.988012
         414   0.00210157
         415     0.314218
         416    0.0317651
         417   0.00246032
         418  0.000302923
         419    0.0742781
         420   0.00121375
         421   0.00607646
         422  0.000147663
         423      2.11127
         424    0.0111248
         425   0.00430761
         426  0.000144773
         427   0.00112628
         428   0.00426254
         429  5.65898e-05
         430   0.00549002
         431      1.37102
         432    0.0068243
         433    0.0234654
         434  0.000442347
         435    0.0590406
         436     0.552407
         437   0.00010813
         438  0.000220092
         439    0.0107362
         440    0.0351375
         441   0.00126404
         442   0.00245635
         443   0.00732291
         444  0.000481405
         445  0.000262475
         446      1.24641
         447   0.00037673
         448      4.29908
         449  0.000946321
         450   0.00828029
         451    0.0100396
         452    0.0935841
         453      3.69713
         454     0.282382
         455   0.00248793
         456    0.0306566
         457   0.00618448
         458  0.000802762
         459    0.0261189
         460   0.00819601
         461  0.000140037
         462   0.00131129
         463  0.000666237
         464   0.00528376
         465    0.0012269
         466      0.11862
         467  0.000512225
         468   0.00711272
         469  0.000500029
         470      2.99385
         471     0.005127
         472    0.0199411
         473    0.0108936
         474     0.159182
         475   0.00480923
         476  0.000393857
         477  3.05139e-05
         478   0.00307778
         479  0.000165808
         480    0.0259097
         481     0.246105
         482   0.00300712
         483      0.16288
         484     0.022119
         485    0.0166609
         486  0.000252166
         487  0.000129466
         488   0.00809275
         489   0.00352273
         490   0.00807177
         491  3.44191e-05
         492   0.00515111
         493  0.000369439
         494  3.21289e-05
         495  0.000141284
         496   0.00583232
         497    0.0628177
         498  0.000773347
         499      5.51096
         500   0.00538827
         501  0.000560583
         502      0.24886
         503   0.00056168
         504   0.00986817
         505      0.59063
         506     0.382298
         507    0.0334204
         508  4.96263e-05
         509    0.0280954
         510   0.00203949
         511    0.0364072
         512  0.000171437
         513    0.0044834
         514   0.00550246
         515    0.0413046
         516     0.078991
         517   0.00486805
         518  0.000962976
         519     0.328723
         520    0.0120684
         521   0.00010712
         522   0.00268595
         523  7.33001e-06
         524   0.00174332
         525    0.0634323
         526  0.000944447
         527  0.000888186
         528    0.0127948
         529  3.31021e-05
         530  0.000419413
         531    0.0044635
         532     0.011887
         533    0.0450782
         534       0.2255
         535  9.73986e-05
         536   0.00123091
         537    0.0011538
         538     0.146311
         539  0.000294663
         540   0.00413309
         541  0.000909529
         542     0.633209
         543    0.0224817
         544    0.0193831
         545   0.00651089
         546   7.6985e-05
         547  0.000383284
         548     0.133811
         549  0.000568524
         550   0.00249396
         551  0.000160307
         552     0.132158
         553    0.0193667
         554   0.00292225
         555   0.00118408
         556     0.027399
         557    0.0150283
         558   0.00320163
         559   0.00851609
         560    0.0837724
         561   0.00800483
         562  0.000474468
         563   0.00937718
         564     0.145475
         565    0.0604198
         566  1.07334e-05
         567    0.0185545
         568   0.00102572
         569  0.000703925
         570   5.1863e-05
         571  0.000322076
         572    0.0503737
         573    0.0187122
         574     0.024269
         575   0.00361557
         576  0.000106167
         577   0.00781877
         578  2.46757e-05
         579   0.00727271
         580   0.00289861
         581   0.00188095
         582   0.00234635
         583  0.000362332
         584    0.0070481
         585    0.0215966
         586   0.00103058
         587  0.000218599
         588   0.00363502
         589   0.00031127
         590  0.000527632
         591   0.00173792
         592   0.00355784
         593  0.000169899
         594  1.69337e-05
         595  4.51067e-05
         596   0.00365027
         597  0.000729675
         598      0.13246
         599   0.00385453
         600   0.00137614
         601     0.121753
         602  0.000563824
         603   0.00162523
         604  0.000539809
         605  0.000265943
         606   0.00581184
         607  0.000128356
         608     0.428515
         609   0.00227177
         610     0.145646
         611    0.0352015
         612  1.49554e-05
         613  0.000804314
         614    0.0120304
         615  1.83393e-05
         616    0.0425272
         617  4.64775e-05
         618   0.00294211
         619   0.00585643
         620   0.00451656
         621    0.0471404
         622  0.000126558
         623  2.78561e-05
         624  0.000567469
         625  0.000275568
         626  0.000351816
         627    0.0150392
         628   0.00277789
         629   0.00158638
         630    0.0121779
         631  4.35913e-06
         632   0.00998535
         633   0.00470103
         634  0.000371911
         635   0.00023494
         636   0.00261506
         637  0.000532621
         638     0.240205
         639      2.58475
         640   0.00074566
         641    0.0336659
         642   0.00174339
         643     0.964766
         644  0.000790036
         645    0.0496315
         646     0.021067
         647   0.00150266
         648  6.69371e-05
         649  0.000199426
         650   0.00425357
         651    0.0715016
         652  0.000173924
         653   0.00908857
         654     0.372702
         655   0.00901542
         656  0.000630067
         657   0.00012543
         658    0.0190531
         659   0.00403002
         660    0.0691461
         661  4.83632e-06
         662    0.0162504
         663     0.377986
         664  0.000949499
         665   0.00120425
         666   0.00277313
         667     0.121364
         668    0.0515504
         669   0.00105039
         670  0.000315448
         671   0.00346126
         672     0.126622
         673   0.00642816
         674  0.000252367
         675     0.714455
         676    0.0122001
         677   0.00202423
         678   0.00443635
         679  0.000229055
         680    0.0482254
         681     0.176151
         682     0.192849
         683  0.000951128
         684  5.03424e-05
         685  0.000179622
         686     0.031134
         687  7.36763e-05
         688    0.0205528
         689  0.000902764
         690  5.15965e-05
         691  0.000135756
         692   0.00494135
         693  2.44337e-05
         694  0.000271449
         695   0.00885569
         696  7.01203e-05
         697   0.00123997
         698    0.0150854
         699    0.0654834
         700    0.0208504
         701  0.000650133
         702   0.00352875
         703    0.0105059
         704   0.00306743
         705  2.57473e-06
         706   0.00473578
         707  0.000543043
         708  0.000923357
         709    0.0114095
         710    0.0278369
         711    0.0419394
         712   0.00193249
         713    0.0154055
         714  0.000155404
         715  0.000229706
         716     0.112003
         717   0.00141579
         718  0.000449904
         719  0.000119072
         720   0.00332216
         721  3.54034e-05
         722   0.00489109
         723   0.00291883
         724  9.73265e-06
         725    0.0828498
         726     0.140469
         727   0.00159011
         728  0.000154948
         729   0.00345205
         730  0.000154462
         731    0.0540083
         732     0.380724
         733     0.144617
         734  0.000173104
         735   0.00096754
         736  0.000721476
         737  0.000605482
         738   0.00151314
         739     0.037739
         740    0.0426267
         741  0.000523319
         742  3.05236e-05
         743   0.00132736
         744  3.11367e-05
         745     0.213096
         746    0.0134684
         747     0.128571
         748   0.00793495
         749   0.00022298
         750    0.0187529
         751    0.0111592
         752  0.000801726
         753    0.0361061
         754   0.00837762
         755  0.000672066
         756  2.71716e-05
         757  0.000189452
         758   0.00089333
         759     0.145043
         760    0.0238393
         761     0.165954
         762     0.337424
         763  0.000635823
         764  0.000565771
         765   0.00347268
         766  0.000323566
         767  0.000529913
         768   0.00053616
         769       2.2817
         770      2.00009
         771     0.120716
         772  9.27447e-05
         773    0.0036021
         774  0.000320806
         775      2.31331
         776     0.942217
         777  0.000678946
         778    0.0042918
         779   0.00170385
         780      0.15638
         781   0.00194606
         782  0.000245936
         783      3.98749
         784   0.00916057
         785  0.000151728
         786    0.0518691
         787  0.000959704
         788   0.00312901
         789    0.0127484
         790    0.0183044
         791    0.0281542
         792  0.000212021
         793   0.00425458
         794  0.000607026
         795      7.03766
         796  3.86707e-05
         797      7.97706
         798   0.00276141
         799  0.000473839
         800  0.000250222
         801     0.134606
         802   0.00975242
         803   0.00164912
         804      104.845
         805      2.90907
         806    0.0464599
         807  0.000813428
         808    0.0176077
         809  1.86729e-05
         810      0.10293
         811  9.16171e-06
         812   0.00062714
         813    0.0167472
         814      23.9751
         815      12.1184
         816     0.403814
         817    0.0604146
         818       8.0092
         819      2.19832
         820  0.000341591
         821     0.102231
         822  3.68123e-05
         823  3.63814e-05
         824  8.72711e-05
         825   0.00163786
         826    0.0122269
         827  0.000205501
         828     0.112156
         829  3.50487e-05
         830  5.92277e-06
         831   0.00569133
         832  0.000618084
         833     0.015071
         834      16.0968
         835      0.90666
         836    0.0151491
         837    0.0315716
         838   0.00120956
         839   1.3641e-05
         840      8.05718
         841    0.0118803
         842      8.07589
         843     0.680466
         844  7.79535e-05
         845   0.00860201
         846   0.00323855
         847  0.000138909
         848    0.0252301
         849  0.000266335
         850    0.0425816
         851  0.000840535
         852   0.00944704
         853  0.000540093
         854  1.91692e-05
         855  0.000857347
         856    0.0103616
         857   0.00405499
         858   0.00240272
         859  0.000112313
         860     0.210208
         861   0.00225653
         862  3.21946e-05
         863   0.00120379
         864   0.00686982
         865    0.0711576
         866   0.00958012
         867      68.0172
         868    0.0372816
         869  0.000179026
         870      11.4747
         871     0.544002
         872   0.00548148
         873  0.000159491
         874   0.00055089
         875     0.044984
         876     0.002387
         877  0.000385592
         878  9.61567e-05
         879  0.000207784
         880  0.000915223
         881   0.00955077
         882    0.0137655
         883       8.1121
         884  0.000278381
         885   0.00687712
         886      15.6991
         887     0.951614
         888  0.000593908
         889    0.0172278
         890  0.000879335
         891   0.00072499
         892   0.00645315
         893  0.000859358
         894   0.00510288
         895   0.00105575
         896   0.00047434
         897   0.00571008
         898  1.39676e-05
         899  0.000506258
         900   0.00299211
         901  7.80069e-05
         902  7.31888e-05
         903  0.000715389
         904     0.102345
         905  0.000521259
         906  2.58465e-05
         907   0.00285179
         908   0.00371783
         909    0.0101034
         910     0.193502
         911  0.000294163
         912   0.00291604
         913   0.00342573
         914     0.818205
         915  0.000224234
         916    0.0068029
         917  0.000100649
         918  0.000768776
         919  0.000688018
         920  0.000700195
         921  0.000323431
         922  5.57218e-05
         923     0.107408
         924    0.0232367
         925      41.8814
         926      7.39923
         927     0.218821
         928    0.0236784
         929  0.000104662
         930   0.00367216
         931  6.45964e-07
         932   0.00385142
         933  0.000156665
         934  0.000282886
         935   0.00198156
         936   0.00355073
         937    0.0014437
         938   0.00384728
         939      36.4217
         940      3.70254
         941   0.00206118
         942  0.000672565
         943   0.00549409
         944    0.0290798
         945    0.0146558
         946  0.000485494
         947   0.00105473
         948   0.00113275
         949    0.0351486
         950   0.00616929
         951    0.0129152
         952   0.00441962
         953    0.0106381
         954   0.00863882
         955   0.00155637
         956  0.000325545
         957  9.76345e-05
         958  0.000176604
         959    0.0125689
         960   0.00133007
         961      24.6397
         962    0.0397626
         963   0.00130689
         964  7.36284e-06
         965  7.53164e-06
         966     0.109606
         967     0.368912
         968  0.000837017
         969  0.000890004
         970      14.1779
         971    0.0338343
         972    0.0892142
         973    0.0634196
         974   0.00175174
         975   0.00196623
         976      21.5974
         977    0.0325229
         978   0.00111883
         979  0.000217417
         980  0.000394094
         981    0.0169295
         982   0.00022336
         983   0.00186898
         984   0.00307824
         985      14.1907
         986      5.53741
         987     0.253734
         988  0.000814455
         989      0.33936
         990  2.09592e-05
         991  0.000197621
         992     0.241361
         993   0.00131755
         994   0.00183705
         995  0.000128465
         996      5.24435
         997    0.0336031
         998        9.941
         999     0.263564
        1000     0.472399
        1001     0.353665
        1002    0.0575505
        1003     0.373228
        1004  0.000458938
        1005     0.290444
        1006   0.00302634
        1007      12.6825
        1008   0.00551035
        1009  8.18845e-07
        1010  5.10047e-05
        1011  0.000190243
        1012       3.1834
        1013    0.0623529
        1014   0.00080364
        1015     0.130814
        1016   0.00203861
        1017   0.00101363
        1018      5.22406
        1019  0.000424054
        1020  1.10687e-05
        1021  2.78544e-05
        1022  0.000325553
        1023       0.0064
        1024    0.0448079
        1025  0.000323101
        1026      5.20294
        1027      24.0344
        1028   0.00111528
        1029     0.194752
        1030   0.00331265
        1031   0.00429544
        1032   0.00150083
        1033  7.02198e-05
        1034  2.39319e-06
        1035  1.21518e-05
        1036  3.27581e-05
        1037   0.00033625
        1038   3.5673e-05
        1039     0.317966
        1040     0.217218
        1041     0.183724
        1042    0.0531854
        1043     0.842906
        1044      5.05284
        1045  9.87746e-05
        1046  0.000745723
        1047     0.403633
        1048  0.000417087
        1049   0.00119569
        1050     0.241952
        1051   0.00141217
        1052  6.62926e-05
        1053   0.00029878
        1054    0.0593522
        1055  0.000218297
        1056    0.0861211
        1057  0.000319398
        1058  0.000278227
        1059   0.00229074
        1060      60.0233
        1061   0.00148902
        1062  2.05954e-05
        1063  0.000177138
        1064  0.000305254
        1065      5.22326
        1066  0.000347095
        1067  0.000455536
        1068     0.283044
        1069     0.326114
        1070    0.0114324
        1071   0.00156292
        1072   0.00512355
        1073      8.05427
        1074  0.000130889
        1075  0.000284261
        1076   0.00356606
        1077   6.2715e-05
        1078  0.000365958
        1079    0.0671494
        1080  0.000847039
        1081    0.0015437
        1082      10.4555
        1083      4.71629
        1084    0.0314096
        1085  0.000364523
        1086  1.77929e-05
        1087      4.71979
        1088   0.00203768
        1089   0.00111202
        1090      10.4603
        1091    0.0638265
        1092  0.000532748
        1093      5.23002
        1094   0.00147089
        1095   0.00203111
        1096  0.000357369
        1097   0.00906936
        1098   0.00319179
        1099      9.64712
        1100  0.000638874
        1101  0.000374685
        1102       8.2383
        1103   0.00296348
        1104     0.442618
        1105  0.000171151
        1106  0.000991552
        1107   0.00249998
        1108    0.0230076
        1109  0.000214103
        1110     0.179219
        1111     0.244878
        1112     0.683199
        1113      0.99146
        1114  7.74123e-05
        1115   0.00304749
        1116  0.000110128
        1117   0.00308665
        1118  0.000382723
        1119   0.00101388
        1120     0.794335
        1121   0.00230187
        1122  4.88002e-05
        1123   0.00102941
        1124   0.00165795
        1125   0.00334424
        1126  0.000111895
        1127  0.000348383
        1128  0.000469707
        1129    0.0540632
        1130   0.00266403
        1131    0.0297136
        1132     0.113835
        1133  4.97759e-06
        1134  0.000993663
        1135    0.0024561
        1136   0.00201879
        1137   0.00119077
        1138  0.000847369
        1139   0.00070302
        1140  0.000264624
        1141  0.000380858
        1142   0.00130657
        1143   0.00430995
        1144     0.314843
        1145   0.00150648
        1146  0.000661823
        1147    0.0015939
        1148  0.000698934
        1149     0.152535
        1150  6.19038e-06
        1151  0.000210434
        1152  7.77262e-05
        1153  0.000193485
        1154   0.00119691
        1155    0.0033586
        1156   0.00014618
        1157   0.00615678
        1158    0.0983564
        1159  0.000117989
        1160  0.000920913
        1161   0.00998444
        1162   0.00147015
        1163  0.000384208
        1164   0.00111269
        1165     0.233392
        1166   0.00331413
        1167   0.00100713
        1168  6.86812e-06
        1169   0.00415846
        1170   0.00296959
        1171  0.000455004
        1172   0.00176952
        1173   0.00522428
        1174   0.00434485
        1175   0.00063555
        1176  0.000203053
        1177   0.00013028
        1178  0.000223263
        1179   0.00110136
        1180     0.417166
        1181     0.047673
        1182      1.35123
        1183   0.00359275
        1184  0.000219317
        1185  9.27865e-06
        1186   0.00308909
        1187    0.0738933
        1188   0.00537648
        1189    0.0229315
        1190   0.00283955
        1191   0.00653342
        1192  0.000831849
        1193   4.0377e-05
        1194   0.00128179
        1195  0.000131998
        1196    0.0336058
        1197   0.00610067
        1198    0.0031994
        1199  9.47622e-05
        1200  0.000118115
        1201  0.000319366
        1202     0.530044
        1203  0.000351734
        1204  0.000857572
        1205     0.001957
        1206  4.24013e-05
        1207  0.000534906
        1208    0.0392216
        1209   0.00012254
        1210  0.000670026
        1211  0.000210327
        1212    0.0169657
        1213   0.00414251
        1214  0.000614595
        1215   0.00162504
        1216   0.00208721
        1217    0.0117868
        1218    0.0321218
        1219   0.00212325
        1220    0.0736728
        1221   0.00071779
        1222  0.000433203
        1223  0.000366634
        1224  0.000655804
        1225   0.00242048
        1226    0.0170287
        1227     0.013501
        1228   0.00721515
        1229    0.0091367
        1230   0.00315845
        1231   0.00326624
        1232   0.00215425
        1233    0.0274771
        1234   0.00167338
        1235   0.00141685
        1236   0.00260376
        1237    0.0100567
        1238   0.00576321
        1239   0.00046917
        1240    0.0107145
        1241     0.388086
        1242    0.0602016
        1243   0.00154444
        1244  0.000229045
        1245    0.0713592
        1246   0.00751549
        1247  0.000193083
        1248   0.00973767
        1249   0.00329086
        1250   0.00285826
        1251   0.00120839
        1252    0.0969455
        1253       11.493
        1254  9.81304e-05
        1255   0.00339969
        1256   0.00672557
        1257    0.0105721
        1258  0.000163702
        1259    0.0122763
        1260   0.00291436
        1261   0.00344421
        1262  0.000535964
        1263  0.000424101
        1264    0.0012403
        1265  0.000102017
        1266    0.0203871
        1267    0.0020115
        1268   0.00696975
        1269   0.00113917
        1270    0.0019554
        1271   0.00263657
        1272   0.00294473
        1273    0.0172621
        1274    0.0013295
        1275    0.0011243
        1276    0.0040189
        1277    0.0054466
        1278  0.000154084
        1279  0.000123646
        1280  0.000902857
        1281   0.00420608
        1282   0.00609565
        1283   0.00149063
        1284  0.000157718
        1285  0.000178454
        1286    0.0149342
        1287  0.000674181
        1288   0.00217791
        1289   0.00109905
        1290   0.00171738
        1291   0.00137174
        1292   0.00328383
        1293  0.000728527
        1294    0.0192666
        1295   0.00591551
        1296   0.00404382
        1297   0.00592151
        1298     0.463267
        1299   0.00564644
        1300   0.00218556
        1301   0.00179393
        1302   0.00292553
        1303    0.0059211
        1304   0.00156896
        1305      2.00074
        1306   0.00798659
        1307   0.00335985
        1308    0.0331125
        1309    0.0758154
        1310   0.00163343
        1311     0.247788
        1312   0.00538749
        1313  0.000717481
        1314   0.00157482
        1315   0.00753572
        1316     0.033227
        1317  0.000269406
        1318   2.9086e-05
        1319   0.00120094
        1320  0.000383497
        1321   0.00154162
        1322    0.0167347
        1323   0.00093896
        1324   0.00189343
        1325  0.000925015
        1326     0.030251
        1327   0.00116817
        1328     0.485332
        1329    0.0335859
        1330  0.000845832
        1331  0.000511233
        1332    0.0172206
        1333  0.000452022
        1334   0.00155676
        1335     0.025084
        1336  0.000190915
        1337   0.00160598
        1338  0.000949921
        1339    0.0141238
        1340   0.00435312
        1341    0.0174801
        1342   0.00333689
        1343  0.000875329
        1344  0.000106435
        1345   0.00220614
        1346    0.0386649
        1347   0.00187417
        1348    0.0151131
        1349     0.132484
        1350   0.00481202
        1351   0.00736256
        1352    0.0649996
        1353   0.00490323
        1354    0.0190907
        1355    0.0115007
        1356    0.0213638
        1357   0.00136294
        1358    0.0146757
        1359     0.695018
        1360     0.291037
        1361    0.0266206
        1362  0.000156438
        1363     0.112099
        1364    0.0155849
        1365   0.00036708
        1366   0.00457523
        1367    0.0189008
        1368    0.0613935
        1369    0.0550562
        1370   0.00012986
        1371  1.84643e-05
        1372  8.67312e-05
        1373   0.00983635
        1374      19.5865
        1375   0.00293041
        1376    0.0244737
        1377      1.28287
        1378    0.0172447
        1379    0.0942591
        1380   0.00695655
        1381   0.00948316
        1382      1.35365
        1383     0.792361
        1384      3.97953
        1385   0.00177616
        1386   0.00140646
        1387   0.00086211
        1388   0.00050083
        1389   0.00205938
        1390  0.000263724
        1391  0.000533729
        1392  5.23065e-05
        1393   0.00068563
        1394   0.00100827
        1395   0.00749966
        1396     0.396339
        1397   0.00106662
        1398  7.52904e-05
        1399   0.00200533
        1400  0.000381567
        1401    0.0959914
        1402     0.117876
        1403      0.18463
        1404   0.00095344
        1405   0.00179705
        1406     0.153279
        1407   0.00141255
        1408   0.00470892
        1409    0.0065495
        1410   0.00252936
        1411    0.0346283
        1412  0.000987667
        1413     0.156563
        1414  0.000717775
        1415     0.149785
        1416  0.000793399
        1417  0.000325289
        1418  0.000636378
        1419  0.000412322
        1420   0.00186292
        1421   0.00325631
        1422   0.00253321
        1423   0.00420882
        1424   0.00232681
        1425   0.00946678
        1426     0.255432
        1427   0.00153747
        1428     0.086887
        1429   0.00867828
        1430  0.000628294
        1431    0.0488124
        1432  2.21409e-05
        1433   0.00242263
        1434   0.00696916
        1435  0.000806345
        1436   0.00487443
        1437  0.000592951
        1438  0.000828316
        1439   0.00515981
        1440   0.00173583
        1441  0.000141383
        1442   0.00112895
        1443   0.00492631
        1444    0.0358292
        1445   0.00522019
        1446   0.00624953
        1447   0.00076765
        1448   0.00325149
        1449  0.000207765
        1450     0.035209
        1451     0.001723
        1452   0.00297884
        1453  0.000482169
        1454   0.00243913
        1455  0.000588545
        1456  0.000674964
        1457  0.000393898
        1458   0.00807503
        1459     0.540741
        1460  0.000143613
        1461   0.00140045
        1462   0.00518819
        1463    0.0011086
        1464  0.000698333
        1465  0.000775611
        1466    0.0814573
        1467  0.000258894
        1468   0.00131068
        1469    0.0138682
        1470   0.00309083
        1471  0.000381983
        1472     0.136157
        1473    0.0091499
        1474   0.00138987
        1475     0.586301
        1476  0.000384601
        1477    0.0012324
        1478   0.00929359
        1479    0.0359937
        1480    0.0138602
        1481   0.00573778
        1482     0.173095
        1483   0.00329891
        1484   0.00389956
        1485   0.00265501
        1486   0.00651232
        1487     0.028779
        1488    0.0191086
        1489   0.00586927
        1490   0.00155071
        1491    0.0289426
        1492      1.68311
        1493   0.00030092
        1494   0.00911615
        1495  0.000406604
        1496   0.00129977
        1497   0.00196963
        1498    0.0391166
        1499  3.06712e-05
        1500   0.00405345
        1501   0.00931304
        1502   0.00423981
        1503  0.000752294
        1504  0.000389081
        1505   0.00115824
        1506     0.167165
        1507   0.00129783
        1508  0.000151733
        1509     0.551146
        1510  0.000439464
        1511  0.000165647
        1512    0.0164615
        1513   0.00994999
        1514   0.00125609
        1515  0.000497747
        1516      0.10294
        1517   0.00526162
        1518   0.00575244
        1519   0.00893178
        1520   0.00166259
        1521    0.0301177
        1522   0.00651539
        1523     0.216504
        1524  0.000640276
        1525  0.000628208
        1526    0.0341649
        1527    0.0155849
        1528    0.0645117
        1529   0.00306343
        1530      0.23783
        1531   0.00134085
        1532   0.00072935
        1533  8.00449e-06
        1534  0.000574092
        1535   0.00159166
        1536   0.00763884
        1537   0.00176125
        1538    0.0725421
        1539   0.00150642
        1540   0.00221121
        1541  0.000750214
        1542    0.0789576
        1543  0.000486154
        1544   0.00850745
        1545  0.000594925
        1546   0.00124637
        1547     0.127482
        1548  1.57999e-05
        1549  2.10937e-05
        1550  0.000233572
        1551     0.614266
        1552   0.00364965
        1553    0.0273771
        1554      1.02683
        1555  0.000258491
        1556     0.422465
        1557  0.000869668
        1558    0.0419586
        1559   0.00259475
        1560   0.00292425
        1561   0.00948773
        1562  0.000779728
        1563  0.000862478
        1564    0.0460842
        1565  0.000684663
        1566  0.000601785
        1567   0.00181134
        1568    0.0312933
        1569  0.000356155
        1570  0.000235289
        1571  0.000355322
        1572    0.0398355
        1573  0.000642744
        1574      1.37391
        1575  0.000425883
        1576   0.00216088
        1577   0.00465423
        1578    0.0115145
        1580     0.167291
        1581   0.00108131
        1582     0.787189
        1583   0.00474069
        1584  0.000485922
        1585  0.000411085
        1586   0.00730369
        1587  0.000488971
        1588  4.89366e-06
        1589     0.387345
        1590   0.00331981
        1591   0.00178161
        1592  0.000545806
        1593    0.0180026
        1594   0.00210789
        1595  8.58204e-05
        1596     0.571892
        1597     0.151968
        1598    0.0100177
        1599   0.00547538
        1600   0.00189641
        1601   0.00198605
        1602    0.0878511
        1603     0.262731
        1604   0.00842148
        1605   0.00214608
        1606   0.00832155
        1607   0.00369333
        1608  0.000256865
        1609    0.0043935
        1610    0.0215453
        1611   0.00813889
        1612  0.000918262
        1613   0.00633724
        1614    0.0341548
        1615  0.000882838
        1616    0.0800504
        1617  1.60751e-05
        1618   0.00458023
        1619   0.00234691
        1620   0.00363134
        1621  0.000762739
        1622   0.00322226
        1623  0.000634674
        1624   0.00077485
        1625   0.00217603
        1626   0.00403028
        1627   0.00495367
        1628   0.00296546
        1629  0.000507518
        1630   0.00198783
        1631    0.0290198
        1632   0.00385202
        1633  0.000619725
        1634  0.000975855
        1635  0.000190072
        1636    0.0135255
        1637   0.00331718
        1638   0.00510675
        1639    0.0104819
        1640    0.0058114
        1641   0.00636394
        1642   0.00255404
        1643   0.00343852
        1644   0.00140568
        1645    0.0413493
        1646  4.75006e-05
        1647  0.000550574
        1648    0.0143196
        1649    0.0023568
        1650   0.00986913
        1651   0.00719408
        1652   0.00761263
        1653  0.000872073
        1654   0.00107942
        1655  0.000207735
        1656   0.00271389
        1657      0.14256
        1658   0.00018118
