1 153.64
2 1009.71
3 135
4 339.411
5 3072.79
6 509.117
7 445.477
8 3687.35
9 9627.35
10 600
11 700.036
12 540
13 2663.09
14 2027.94
15 1800
16 3476.47
17 16830
18 3240
19 5032.2
20 2400
21 1260
22 16933.5
23 4997.42
24 1527.35
25 1590.99
26 3120
27 13353.1
28 3360
29 2610
30 7945.58
31 14627
32 3476.47
33 5940
34 4080
35 10102.4
36 14749.4
37 2220
38 6448.81
39 11700
40 6788.22
41 49498.4
42 2520
43 12411.5
44 2640
45 3818.38
46 22917.1
47 2820
48 23244.7
49 2940
50 7242.64
51 8786.24
52 72471.1
53 3180
54 14580
55 9900
56 11471.8
57 40782.2
58 21003.7
59 5006.32
60 9000
61 5176.02
62 11160
63 9125.73
64 15360
65 3900
66 15570.6
67 24120
68 4080
69 24840
70 9450
71 25711.4
72 102568
73 6194.26
74 4440
75 21727.9
76 13680
77 16730.5
78 11983.9
79 4740
80 14400
81 26313.1
82 42591.7
83 24900
84 18251.5
85 30781.2
86 52852
87 66555
88 23307
89 16020
90 17877.6
91 13981.2
92 18846.5
93 85012.9
94 7976.17
95 6045.76
96 63564.7
97 5820
98 21293.4
99 40095
100 26485.3
101 24607.6
102 32130
103 48379.7
104 6240
105 17819.1
106 50880
107 13618.9
108 84700.5
109 15789
110 141803
111 9418.66
112 9503.52
113 6780
114 6840
115 41645.2
116 30722.9
117 19855.6
118 14160
119 5355
120 27564.7
121 62150.4
122 54900
123 68712.7
124 11160
125 10606.6
126 34020
127 5715
128 55623.5
129 29632
130 15600
131 55915.7
132 57361.7
133 5985
134 8040
135 11455.1
136 49250
137 17437.3
138 18630
139 11794.5
140 40409.5
141 16920
142 30122.8
143 298144
144 12218.8
145 24980.5
146 26280
147 38933.4
148 62698.7
149 52489.6
150 6750
151 38438.3
152 87288.1
153 113012
154 13067.3
155 86589.1
156 84738.9
157 69437.8
158 51495.2
159 42930
160 46352.9
161 71621.3
162 9720
163 36675
164 94673.8
165 32775.5
166 19920
167 30060
168 110880
169 10140
170 38250
171 103222
172 96636.1
173 87339.5
174 26733.3
175 105000
176 23760
177 11264.2
178 8010
179 80550
180 8100
181 114030
182 131816
183 46584.2
184 11040
185 11773.3
186 33480
187 42075
188 32388.5
189 25515
190 16122
191 11460
192 126720
193 12282.4
194 61110
195 105924
196 23520
197 56862
198 33601.7
199 117351
200 115882
201 12791.6
202 45450
203 25837.7
204 91800
205 81442.2
206 46350
207 27945
208 22597
209 28215
210 35638.2
211 47475
212 28620
213 9585
214 42508.9
215 29025
216 19440
217 9765
218 216517
219 78840
220 13200
221 13260
222 14128
223 60210
224 50400
225 40500
226 53317.7
227 24661.2
228 82080
229 113355
230 54261.3
231 19601
232 208800
233 33750.7
234 14040
235 99555.3
236 110599
237 42660
238 14280
239 75285
240 45820.5
241 130911
242 116160
243 61857.7
244 14640
245 20788.9
246 221400
247 33345
248 38102.6
249 38256.3
250 22500
251 135540
252 88774.4
253 79583.3
254 39024.5
255 43274.9
256 115200
257 52647.2
258 23220
259 116550
260 46800
261 23490
262 145294
263 28572.2
264 76482.3
265 243439
266 291153
267 86735.7
268 12060
269 206645
270 48600
271 60975
272 110160
273 61425
274 102629
275 160875
276 361945
277 35256.3
278 50040
279 12555
280 73438.2
281 197981
282 17946.4
283 217400
284 230040
285 233532
286 17160
287 75274.1
288 96088.2
289 65025
290 44555.5
291 42152.2
292 44862.8
293 31831.4
294 66150
295 17700
296 195991
297 150258
298 129498
299 45938.2
300 127092
301 95777.6
302 18120
303 101093
304 68400
305 74310.1
306 82620
307 116242
308 13860
309 81839.5
310 307891
311 93300
312 19855.6
313 70425
314 141300
315 246846
316 20110.1
317 14265
318 157270
319 63366
320 158259
321 92995.5
322 96600
323 58140
324 132745
325 228981
326 470483
327 27746.9
328 14760
329 160315
330 208955
331 28086.3
332 19920
333 117309
334 108857
335 21319.3
336 136080
337 15165
338 21510.2
339 61020
340 45900
341 20460
342 235678
343 29104.5
344 99658.7
345 41400
346 29359.1
347 20820
348 221466
349 188460
350 253492
351 120940
352 114723
353 267320
354 30037.9
355 235057
356 21360
357 167685
358 30377.3
359 43080
360 257572
361 76579.7
362 88197.5
363 81675
364 21840
365 21900
366 193872
367 70067.2
368 89659.4
369 99630
370 90146.7
371 55650
372 83700
373 22380
374 22440
375 84375
376 77024.7
377 45240
378 90720
379 32159.2
380 82566.1
381 252272
382 93070.3
383 241290
384 86400
385 83652.5
386 122824
387 203004
388 24692.2
389 87525
390 59919.4
391 35190
392 176400
393 23580
394 128412
395 53325
396 411126
397 96724.9
398 179100
399 35910
400 68911.7
401 18045
402 43673.1
403 43781.8
404 60600
405 25774
406 25837.7
407 269488
408 61200
409 70462.2
410 184500
411 100136
412 144079
413 157699
414 55890
415 97906.3
416 45194.1
417 132689
418 266014
419 120940
420 25200
421 18945
422 25320
423 114210
424 95400
425 172125
426 36147.3
427 135871
428 131516
429 225036
430 135260
431 191732
432 261042
433 25980
434 612865
435 52200
436 503387
437 47475.5
438 74331.1
439 26340
440 101070
441 52920
442 152295
443 167737
444 203979
445 66750
446 107040
447 37929.2
448 302400
449 38098.9
450 292368
451 146989
452 388188
453 135700
454 28892.4
455 27300
456 152140
457 246780
458 161344
459 41310
460 49974.2
461 69150
462 159186
463 495274
464 139200
465 62775
466 83880
467 396263
468 380078
469 101904
470 199111
471 141300
472 162632
473 85140
474 100551
475 137104
476 214200
477 143100
478 107550
479 71850
480 43200
481 43290
482 221436
483 57960
484 111178
485 72750
486 87480
487 30992.5
488 74976.1
489 208724
490 66150
491 220950
492 31310.7
493 177480
494 22230
495 98326.6
496 148800
497 298200
498 283640
499 166486
500 202500
501 108857
502 90360
503 113175
504 249480
505 75750
506 22770
507 22815
508 380551
509 215950
510 104475
511 32519.8
512 30720
513 144111
514 377336
515 23175
516 46440
517 574972
518 75033.8
519 140130
520 126693
521 468900
522 123150
523 117675
524 471600
525 218357
526 90618.9
527 442447
528 190080
529 200300
530 159000
531 23895
532 207245
533 23985
534 169918
535 80250
536 34110.8
537 24165
538 214883
539 32340
540 58665.4
541 32460
542 65040
543 93547.6
544 289560
545 122625
546 227092
547 73845
548 46499.3
549 168696
550 597518
551 109450
552 59969.1
553 798089
554 80248.5
555 35320
556 125100
557 100260
558 128176
559 196924
560 25200
561 119006
562 147401
563 289179
564 433264
565 33900
566 81986.7
567 290379
568 370244
569 128025
570 82566.1
571 233942
572 310709
573 150286
574 25830
575 36592.8
576 172800
577 155790
578 73567.4
579 62902.3
580 256522
581 315598
582 49384.3
583 63336.9
584 216617
585 898792
586 37292.8
587 314325
588 37420.1
589 26505
590 207845
591 188055
592 514517
593 188691
594 182524
595 129281
596 268200
597 221439
598 134550
599 161730
600 184368
601 270450
602 51081.4
603 189679
604 211222
605 709785
606 147646
607 72840
608 36480
609 36540
610 36600
611 51845.1
612 293760
613 332980
614 36840
615 94488.4
616 228486
617 335153
618 491037
619 78785.8
620 134713
621 52693.6
622 90098.5
623 90243.3
624 198556
625 93750
626 225360
627 106405
628 324574
629 75480
630 28350
631 567900
632 281147
633 75960
634 38040
635 211861
636 325716
637 38220
638 108272
639 223462
640 239717
641 115380
642 197273
643 255451
644 466426
645 29025
646 374988
647 58230
648 82476.9
649 29205
650 353079
651 39060
652 612496
653 277044
654 294300
655 277484
656 98400
657 278741
658 710640
659 39540
660 151606
661 42065.8
662 42129.4
663 186249
664 59760
665 1.17989e+06
666 114738
667 199805
668 40080
669 127725
670 120600
671 545656
672 516229
673 1.33684e+06
674 116116
675 214784
676 162240
677 385591
678 98210.2
679 162960
680 506624
681 40860
682 217011
683 81960
684 589195
685 403948
686 116418
687 154575
688 154800
689 74852.7
690 318034
691 87949.9
692 41520
693 220511
694 336079
695 58972.7
696 106933
697 243745
698 536202
699 277698
700 59397
701 245144
702 315900
703 59651.5
704 451207
705 224330
706 317700
707 249061
708 42480
709 42540
710 837512
711 45247.8
712 429791
713 480960
714 227193
715 42900
716 103715
717 86040
718 32310
719 215700
720 143021
721 129780
722 229739
723 488025
724 651600
725 192018
726 46202.4
727 699470
728 163800
729 494406
730 638213
731 158831
732 959942
733 150157
734 44040
735 155917
736 325518
737 356903
738 1.43747e+06
739 313531
740 267978
741 241506
742 675902
743 44580
744 236739
745 134100
746 47475.2
747 282844
748 441100
749 305740
750 67500
751 675900
752 127619
753 648631
754 772295
755 501519
756 128297
757 64233.6
758 594472
759 68310
760 34200
761 136980
762 45720
763 91560
764 91680
765 110812
766 45960
767 249980
768 319426
769 423657
770 361673
771 49066.1
772 34740
773 83978.4
774 278640
775 46500
776 98768.7
777 34965
778 700200
779 159580
780 405141
781 66270.1
782 46920
783 328860
784 226293
785 113709
786 94320
787 725486
788 185904
789 171433
790 50275.3
791 1.52209e+06
792 329408
793 47580
794 1.62055e+06
795 95400
796 67542.8
797 179325
798 253922
799 287640
800 48000
801 212147
802 108270
803 144540
804 48240
805 1.14535e+06
806 233503
807 48420
808 48480
809 387963
810 214531
811 88106.7
812 389401
813 182925
814 715841
815 69155
816 550800
817 173312
818 1141110
819 613888
820 706345
821 139328
822 139498
823 185175
824 956627
825 253505
826 74340
827 372150
828 254427
829 263786
830 450854
831 120373
832 286673
833 49980
834 583309
835 265695
836 121097
837 188325
838 392720
839 688751
840 415429
841 939632
842 151560
843 888218
844 569327
845 459002
846 50760
847 628336
848 38160
849 1.11338e+06
850 1.12509e+06
851 612720
852 532907
853 485833
854 543482
855 362212
856 1040040
857 285929
858 466064
859 197317
860 286930
861 730583
862 331743
863 1.32591e+06
864 388800
865 132898
866 229363
867 208080
868 552392
869 73737.1
870 472582
871 987688
872 346427
873 104760
874 148323
875 95059.7
876 1.06714e+06
877 744159
878 52680
879 286483
880 342811
881 478558
882 422971
883 959288
884 96037.4
885 132750
886 199350
887 279405
888 1.01989e+06
889 313176
890 56639.3
891 170109
892 107040
893 257755
894 268200
895 80550
896 486705
897 76113
898 114297
899 97667
900 381838
901 81090
902 398936
903 710116
904 596241
905 271500
906 417592
907 131382
908 272400
909 57848.4
910 221712
911 204975
912 54720
913 54780
914 123390
915 215866
916 116588
917 660240
918 476820
919 110280
920 365497
921 275893
922 880136
923 307949
924 1.41963e+06
925 502458
926 314295
927 189899
928 226098
929 1.96781e+06
930 209250
931 1.46427e+06
932 41940
933 815688
934 594394
935 79337.4
936 168480
937 101795
938 42210
939 298788
940 1.58863e+06
941 362147
942 144729
943 187317
944 102556
945 490844
946 120406
947 42615
948 485501
949 60394
950 120915
951 1.00869e+06
952 103425
953 60648.6
954 57240
955 85950
956 215100
957 57420
958 129330
959 81373.9
960 165388
961 827802
962 104511
963 81713.3
964 365009
965 255583
966 689695
967 362198
968 359049
969 192482
970 185191
971 308970
972 374077
973 82561.8
974 175320
975 540694
976 168145
977 43965
978 176040
979 141811
980 311834
981 710503
982 275862
983 201370
984 88560
985 994560
986 62748.7
987 628123
988 764682
989 62939.6
990 717021
991 839654
992 84174
993 1.21628e+06
994 3.97015e+06
995 324289
996 216410
997 224325
998 243152
999 513126
1000 318198
1001 530235
1002 651005
1003 45135
1004 327223
1005 436731
1006 60360
1007 387547
1008 1.68154e+06
1009 302700
1010 146301
1011 732231
1012 136620
1013 402444
1014 284852
1015 451526
1016 121920
1017 431477
1018 61080
1019 432325
1020 244800
1021 554605
1022 983299
1023 184140
1024 92160
1025 361086
1026 87059
1027 92430
1028 46260
1029 46305
1030 262195
1031 123720
1032 123840
1033 328699
1034 317727
1035 65867
1036 212228
1037 212432
1038 719998
1039 275182
1040 553570
1041 1.19562e+06
1042 1.26936e+06
1043 132752
1044 664398
1045 113528
1046 47070
1047 415951
1048 314400
1049 62940
1050 475858
1051 314836
1052 94680
1053 1.01313e+06
1054 94860
1055 335699
1056 63360
1057 765547
1058 496949
1059 635400
1060 202374
1061 576333
1062 1.27252e+06
1063 872637
1064 203138
1065 63900
1066 545933
1067 90538
1068 339836
1069 160350
1070 240750
1071 388985
1072 281163
1073 599420
1074 193320
1075 129000
1076 342381
1077 96930
1078 182943
1079 48555
1080 165931
1081 97290
1082 64920
1083 519362
1084 264105
1085 48825
1086 48870
1087 394796
1088 1.7672e+06
1089 557712
1090 216517
1091 265811
1092 167774
1093 442665
1094 168082
1095 147825
1096 328800
1097 232709
1098 658800
1099 288245
1100 66000
1101 218702
1102 49590
1103 446715
1104 2.25325e+06
1105 292662
1106 339851
1107 518784
1108 299160
1109 390678
1110 149850
1111 388523
1112 50040
1113 50085
1114 334200
1115 200700
1116 1004400
1117 606752
1118 213447
1119 50355
1120 272876
1121 67260
1122 609468
1123 432190
1124 50580
1125 1012500
1126 101340
1127 101430
1128 637154
1129 325874
1130 67800
1131 1.15844e+06
1132 96053.4
1133 305910
1134 327317
1135 306450
1136 3.64042e+06
1137 123523
1138 409680
1139 329975
1140 68400
1141 2823975
1142 218029
1143 1.21679e+06
1144 68640
1145 364337
1146 68760
1147 145989
1148 602193
1149 383352
1150 517500
1151 166726
1152 51840
1153 366882
1154 51930
1155 51975
1156 73567.4
1157 104130
1158 98259.6
1159 1.67884e+06
1160 69600
1161 408996
1162 147898
1163 493419
1164 597877
1165 104850
1166 104940
1167 411110
1168 445986
1169 701400
1170 127108
1171 702600
1172 918426
1173 832485
1174 444523
1175 105750
1176 498935
1177 922344
1178 2650500
1179 353700
1180 265500
1181 375792
1182 141840
1183 1.7073e+06
1184 784704
1185 910315
1186 106740
1187 142440
1188 235984
1189 378338
1190 107100
1191 535950
1192 714147
1193 281451
1194 281687
1195 129824
1196 71760
1197 53865
1198 215640
1199 907978
1200 76367.5
1201 54045
1202 594990
1203 255195
1204 72240
1205 271125
1206 217080
1207 76813
1208 217440
1209 544050
1210 381150
1211 181650
1212 272700
1213 72780
1214 131888
1215 897447
1216 257953
1217 1.11248e+06
1218 209836
1219 232730
1220 1.3228e+06
1221 549450
1222 54990
1223 259437
1224 177300
1225 133084
1226 55170
1227 2.04688e+06
1228 147360
1229 577268
1230 147600
1231 356628
1232 356917
1233 261559
1234 74040
1235 833625
1236 356759
1237 55665
1238 213282
1239 738343
1240 55800
1241 581582
1242 254427
1243 74580
1244 263892
1245 149400
1246 396475
1247 383177
1248 505440
1249 843075
1250 281250
1251 75060
1252 4.00271e+06
1253 305280
1254 225720
1255 106490
1256 399657
1257 182080
1258 150960
1259 113310
1260 1.0508e+06
1261 409639
1262 283950
1263 227340
1264 379200
1265 365129
1266 379800
1267 403157
1268 537967
1269 856575
1270 269408
1271 404430
1272 460632
1273 719058
1274 270256
1275 567187
1276 463441
1277 114930
1278 690120
1279 926334
1280 695294
1281 492996
1282 407930
1283 442068
1284 139493
1285 57825
1286 77160
1287 2316600
1288 77280
1289 386700
1290 348300
1291 116190
1292 513285
1293 1745550
1294 606420
1295 1.00481e+06
1296 1166400
1297 700380
1298 856680
1299 798311
1300 643500
1301 702540
1302 624960
1303 859980
1304 1.00173e+06
1305 110733
1306 548520
1307 1.00403e+06
1308 110987
1309 78540
1310 550200
1311 78660
1312 934510
1313 260814
1314 167245
1315 379561
1316 59220
1317 888975
1318 395400
1319 191061
1320 440404
1321 158520
1322 118980
1323 191640
1324 1986000
1325 781360
1326 1113840
1327 716580
1328 272045
1329 1.5606e+06
1330 1516200
1331 2.04494e+06
1332 658752
1333 239940
1334 193234
1335 1802250
1336 2404800
1337 1123080
1338 1605600
1339 290937
1340 1.03712e+06
1341 426704
1342 728972
1343 825352
1344 688305
1345 922561
1346 267369
1347 404100
1348 414212
1349 161880
1350 303750
1351 195696
1352 114721
1353 195986
1354 203100
1355 3353625
1356 311481
1357 766505
1358 1059240
1359 393710
1360 115400
1361 306225
1362 952598
1363 1390260
1364 578696
1365 641148
1366 163920
1367 574140
1368 271739
1369 1232100
1370 1.36068e+06
1371 1233900
1372 1.52585e+06
1373 582515
1374 329760
1375 495000
1376 116757
1377 82620
1378 1.93589e+06
1379 82740
1380 351291
1381 3.44006e+06
1382 7.5634e+06
1383 648129
1384 311400
1385 150466
1386 1.37657e+06
1387 2080500
1388 2498400
1389 83340
1390 589727
1391 702250
1392 1566000
1393 88650
1394 62730
1395 125550
1396 2094000
1397 444523
1398 83880
1399 593545
1400 593970
1401 6304500
1402 925320
1403 1.14963e+06
1404 1.43807e+06
1405 447068
1406 1.01832e+06
1407 2363760
1408 559369
1409 696833
1410 448659
1411 84660
1412 370338
1413 423276
1414 1.02411e+06
1415 424500
1416 2124000
1417 510120
1418 120321
1419 85140
1420 120491
1421 127890
1422 1.4565e+06
1423 2177190
1424 604152
1425 427500
1426 342240
1427 192645
1428 64260
1429 1.03497e+06
1430 429000
1431 772740
1432 2.08877e+06
1433 293554
1434 1290600
1435 608819
1436 689280
1437 1.7767e+06
1438 635998
1439 129510
1440 610940
1441 778140
1442 216300
1443 248599
1444 173280
1445 459796
1446 607320
1447 184173
1448 222470
1449 65205
1450 391500
1451 123121
1452 223085
1453 472011
1454 472336
1455 523800
1456 463296
1457 961620
1458 437400
1459 2.18528e+06
1460 474285
1461 464887
1462 789480
1463 124140
1464 1.88102e+06
1465 466160
1466 351840
1467 1.01757e+06
1468 934229
1469 881400
1470 66150
1471 468069
1472 353280
1473 1.19627e+06
1474 160135
1475 177000
1476 132840
1477 469979
1478 227079
1479 415479
1480 66600
1481 471251
1482 533520
1483 483338
1484 522782
1485 66825
1486 222900
1487 446100
1488 1116000
1489 89340
1490 94823
1491 89460
1492 402840
1493 475070
1494 126770
1495 1345500
1496 701085
1497 254049
1498 179760
1499 953958
1500 786838
1501 477615
1502 90120
1503 127534
1504 255237
1505 67725
1506 163611
1507 579973
1508 633360
1509 819686
1510 203850
1511 135990
1512 891635
1513 453900
1514 657921
1515 1.44621e+06
1516 482388
1517 164806
1518 96604.9
1519 261692
1520 483661
1521 906393
1522 365280
1523 205605
1524 484934
1525 571202
1526 674918
1527 91620
1528 91680
1529 968160
1530 194737
1531 459300
1532 344700
1533 402074
1534 816516
1535 166762
1536 92160
1537 92220
1538 489389
1539 130588
1540 138600
1541 473517
1542 92520
1543 981959
1544 1.96724e+06
1545 316498
1546 185520
1547 984505
1548 224232
1549 492889
1550 615783
1551 224667
1552 372480
1553 3.04491e+06
1554 559440
1555 588785
1556 330077
1557 357652
1558 186960
1559 479048
1560 397111
1561 210735
1562 1030920
1563 187560
1564 656880
1565 140850
1566 199319
1567 904597
1568 70560
1569 321414
1570 188400
1571 594843
1572 241521
1573 755040
1574 188880
1575 2.27304e+06
1576 228288
1577 998553
1578 757440
1579 1.71542e+06
1580 189600
1581 711450
1582 498330
1583 503708
1584 336017
1585 1426500
1586 761280
1587 315241
1588 505299
1589 1.10219e+06
1590 715500
1591 337502
1592 1719360
1593 101378
1594 531822
1595 1.35141e+06
1596 861840
1597 338775
1598 767040
1599 143910
1600 893823
1601 318022
1602 712654
1603 216405
1604 136104
1605 144450
1606 425354
1607 340896
1608 482400
1609 102396
1610 72450
1611 579960
1612 136783
1613 102651
1614 290520
1615 342593
1616 387840
1617 1.606e+06
1618 97080
1619 343442
1620 291600
1621 352210
1622 790367
1623 1.26451e+06
1624 803163
1625 682500
1626 344927
1627 1366680
1628 235820
1629 97740
1630 97800
1631 1.22253e+06
1632 432240
1633 293940
1634 346624
1635 1.256e+06
1636 563698
1637 368325
1638 546502
1639 663795
1640 237559
1641 98460
1642 139328
1643 1.74907e+06
1644 1.63282e+06
1645 252737
1646 592560
1647 444690
1648 419512
1649 655113
1650 99000
1651 140092
1652 402493
1653 371925
1654 297720
1655 835531
1656 508854
1657 140601
1658 439126
1659 628163
1660 697200
1661 373725
1662 747900
1663 554843
1664 382230
1665 499500
1666 199920
1667 582959
1668 887842
1669 100140
1670 901800
1671 242049
1672 785348
1673 482894
1674 909314
1675 150750
1676 452520
1677 1.26996e+06
1678 3.62806e+06
1679 1208880
1680 378000
1681 75645
1682 302760
1683 1211760
1684 606240
1685 151650
1686 536482
1687 442465
1688 1.17626e+06
1689 1114740
1690 823502
1691 76095
1692 380700
1693 336297
1694 520531
1695 76275
1696 997584
1697 2.02617e+06
1698 521760
1699 203880
1700 108187
1701 459270
1702 924523
1703 229905
1704 261802
1705 963074
1706 144759
1707 384075
1708 800436
1709 678950
1710 145098
1711 761143
1712 526062
1713 308340
1714 385650
1715 1.20832e+06
1716 655233
1717 463590
1718 1.27966e+06
1719 386775
1720 109460
1721 838608
1722 606625
1723 146201
1724 1.77103e+06
1725 374807
1726 103560
1727 1010295
1728 777600
1729 622440
1730 1.25298e+06
1731 577530
1732 110224
1733 935820
1734 390150
1735 1.0986e+06
1736 845917
1737 78165
1738 1.20555e+06
1739 1.19837e+06
1740 1.16107e+06
1741 110797
1742 156780
1743 705915
1744 1098720
1745 732900
1746 252913
1747 1.4495e+06
1748 253203
1749 787050
1750 210000
1751 662998
1752 148662
1753 897767
1754 473580
1755 1.59866e+06
1756 210720
1757 105420
1758 79110
1759 791550
1760 1.53761e+06
1761 620364
1762 396450
1763 704162
1764 396900
1765 149765
1766 2.01967e+06
1767 112451
1768 477360
1769 829023
1770 468789
1771 192401
1772 1.86705e+06
1773 159570
1774 319320
1775 798750
1776 257259
1777 1039545
1778 513201
1779 400275
1780 994379
1781 515966
1782 151208
1783 213960
1784 240840
1785 307518
1786 388061
1787 214440
1788 947114
1789 1.13851e+06
1790 402750
1791 2.24283e+06
1792 2.11383e+06
1793 152141
1794 456678
1795 107700
1796 1.49015e+06
1797 808650
1798 1.03795e+06
1799 152650
1800 108000
1801 477000
1802 601219
1803 649080
1804 306149
1805 764670
1806 487620
1807 1382355
1808 1.27384e+06
1809 153499
1810 766788
1811 2.7125e+06
1812 153753
1813 588958
1814 1.80166e+06
1815 754893
1816 817200
1817 109020
1818 109080
1819 1.29564e+06
1820 1.27293e+06
1821 989164
1822 309204
1823 710165
1824 1395360
1825 1.74213e+06
1826 348618
1827 842099
1828 116333
1829 155196
1830 363510
1831 247185
1832 109920
1833 494910
1834 165060
1835 110100
1836 515767
1837 495990
1838 116970
1839 2.65404e+06
1840 414000
1841 897081
1842 1.64947e+06
1843 200223
1844 864171
1845 532540
1846 1.0514e+06
1847 1.48772e+06
1848 484692
1849 817774
1850 818217
1851 249885
1852 367881
1853 2.29104e+06
1854 604254
1855 166950
1856 695180
1857 111420
1858 695930
1859 111540
1860 1.84735e+06
1861 592167
1862 592485
1863 5.60886e+06
1864 251640
1865 593439
1866 993233
1867 428860
1868 718905
1869 112140
1870 224400
1871 561300
1872 898560
1873 595985
1874 596303
1875 506250
1876 1.80496e+06
1877 850653
1878 2253600
1879 563700
1880 493085
1881 846450
1882 846900
1883 239667
1884 565200
1885 2.89611e+06
1886 273192
1887 226440
1888 386762
1889 226680
1890 601394
1891 601713
1892 1135200
1893 1135800
1894 852300
1895 852750
1896 85320
1897 120724
1898 1.45804e+06
1899 604258
1900 120915
1901 805339
1902 798840
1903 1.46188e+06
1904 504280
1905 428625
1906 2.07067e+06
1907 114420
1908 429300
1909 114540
1910 324138
1911 1.82423e+06
1912 811193
1913 1147800
1914 609031
1915 208045
1916 208154
1917 330259
1918 380991
1919 208479
1920 162917
1921 86445
1922 407718
1923 576900
1924 408142
1925 209131
1926 577800
1927 510371
1928 408991
1929 810180
1930 463200
1931 347580
1932 409839
1933 347940
1934 990463
1935 232200
1936 410688
1937 2.976e+06
1938 523260
1939 164530
1940 465600
1941 164699
1942 291300
1943 1.09751e+06
1944 1.20971e+06
1945 736454
1946 634238
1947 1168200
1948 116880
1949 598887
1950 738347
1951 87795
1952 702720
1953 292950
1954 351720
1955 879750
1956 352080
1957 249085
1958 518582
1959 1292940
1960 352800
1961 441225
1962 176580
1963 566600
1964 784444
1965 802109
1966 451601
1967 500716
1968 285070
1969 1772100
1970 125370
1971 746299
1972 354960
1973 1183800
1974 747435
1975 481188
1976 1659840
1977 659606
1978 251758
1979 1.25943e+06
1980 405609
1981 965300
1982 1.2703e+06
1983 525203
1984 476160
1985 89325
1986 2.03419e+06
1987 178830
1988 719919
1989 879693
1990 119400
1991 522198
1992 717120
1993 721729
1994 422991
1995 359100
1996 2754480
1997 89865
1998 629370
1999 1.9854e+06
2000 1.22912e+06
2001 630315
2002 270270
2003 424900
2004 240480
2005 771630
2006 2046120
2007 127725
2008 903600
2009 426173
2010 2894400
2011 761444
2012 412164
2013 120780
2014 981380
2015 2.36614e+06
2016 491177
2017 3630600
2018 726480
2019 310198
2020 272700
2021 121260
2022 2.00825e+06
2023 455175
2024 91080
2025 348865
2026 842652
2027 2918880
2028 129061
2029 91305
2030 645942
2031 91395
2032 129316
2033 182970
2034 915300
2035 122100
2036 244320
2037 244440
2038 244560
2039 91755
2040 432749
2041 313578
2042 2.13359e+06
2043 130016
2044 346878
2045 406218
2046 314347
2047 122820
2048 651670
2049 296803
2050 836806
2051 261050
2052 717596
2053 369540
2054 1386450
2055 92475
2056 2837280
2057 7405200
2058 4.08362e+06
2059 223689
2060 2.23798e+06
2061 247320
2062 463950
2063 464175
2064 656761
2065 929250
2066 952258
2067 93015
2068 599111
2069 449551
2070 299845
2071 351460
2072 951900
2073 807555
2074 225319
2075 186750
2076 93420
2077 132179
2078 319263
2079 280665
2080 301294
2081 507014
2082 413568
2083 265123
2084 2.21042e+06
2085 1563750
2086 977582
2087 563490
2088 962399
2089 586839
2090 177342
2091 250920
2092 313800
2093 1.32528e+06
2094 321721
2095 227600
2096 1.57778e+06
2097 455635
2098 888796
2099 1.93494e+06
2100 1.63615e+06
2101 1.33035e+06
2102 535082
2103 740843
2104 1.26054e+06
2105 401884
2106 630870
2107 228904
2108 2.26711e+06
2109 811655
2110 812039
2111 1393260
2112 1.11874e+06
2113 813194
2114 95130
2115 761400
2116 229881
2117 2.61162e+06
2118 364887
2119 1.03254e+06
2120 595548
2121 190890
2122 1.39958e+06
2123 1.40024e+06
2124 1.27252e+06
2125 95625
2126 230968
2127 1.02002e+06
2128 383040
2129 1.22903e+06
2130 95850
2131 902776
2132 479700
2133 1.03937e+06
2134 543228
2135 135871
2136 232054
2137 464326
2138 464543
2139 504630
2140 272378
2141 96345
2142 136316
2143 192870
2144 192960
2145 273014
2146 619421
2147 386460
2148 796734
2149 136762
2150 1.18448e+06
2151 854548
2152 456508
2153 129180
2154 323100
2155 387900
2156 582120
2157 258840
2158 97110
2159 97155
2160 623462
2161 137525
2162 97290
2163 194670
2164 275432
2165 292275
2166 681334
2167 130020
2168 812043
2169 184046
2170 628661
2171 138162
2172 488700
2173 521520
2174 489150
2175 1.02625e+06
2176 1.11768e+06
2177 1.15877e+06
2178 1.1999e+06
2179 138671
2180 433034
2181 236943
2182 850017
2183 138925
2184 728669
2185 827328
2186 1.69616e+06
